{
 "cells": [
  {
   "cell_type": "markdown",
   "metadata": {},
   "source": [
    "Machine information "
   ]
  },
  {
   "cell_type": "code",
   "execution_count": 70,
   "metadata": {},
   "outputs": [
    {
     "name": "stdout",
     "output_type": "stream",
     "text": [
      "Julia Version 1.1.1\n",
      "Commit 55e36cc (2019-05-16 04:10 UTC)\n",
      "Platform Info:\n",
      "  OS: macOS (x86_64-apple-darwin15.6.0)\n",
      "  CPU: Intel(R) Core(TM) i5-6267U CPU @ 2.90GHz\n",
      "  WORD_SIZE: 64\n",
      "  LIBM: libopenlibm\n",
      "  LLVM: libLLVM-6.0.1 (ORCJIT, skylake)\n"
     ]
    }
   ],
   "source": [
    "versioninfo()"
   ]
  },
  {
   "cell_type": "markdown",
   "metadata": {},
   "source": [
    "## Demo data\n",
    "\n"
   ]
  },
  {
   "cell_type": "markdown",
   "metadata": {},
   "source": [
    "For demonstration, we generate a random data set. "
   ]
  },
  {
   "cell_type": "code",
   "execution_count": 1,
   "metadata": {
    "collapsed": true
   },
   "outputs": [],
   "source": [
    "using LinearAlgebra \n",
    "\n",
    "## generate data from a d-variate response variance component model\n",
    "n = 100          # no. observations\n",
    "d = 3            # no. categories\n",
    "m = 10           # no. variance components\n",
    "p = 4            # no. covariates\n",
    "X = randn(n, p)  # n-by-p covariate matrix \n",
    "β = ones(p, d)   # p-by-d mean component regression coefficient \n",
    "\n",
    "# a vector of d-by-d variance component parameters \n",
    "Σ = [zeros(d, d) for i in 1:m]\n",
    "for i in [1, 4, 10]\n",
    "  Σi = randn(d, d)\n",
    "  Σ[i] = Σi * Σi' \n",
    "end\n",
    "\n",
    "# a vector of covariance matrices \n",
    "V  = Array{Matrix{Float64}}(undef, m)\n",
    "for i = 1:(m - 1)\n",
    "  Vi = randn(n, 50)\n",
    "  V[i] =  Vi * Vi'\n",
    "  V[i] ./= norm(V[i])\n",
    "end\n",
    "V[end] = Matrix(I, n, n) ./ √n\n",
    "\n",
    "# form overall nd-by-nd covariance matrix Ω\n",
    "Ω = zeros(n*d, n*d)\n",
    "for i = 1:m\n",
    "    Ω .+= kron(Σ[i], V[i])\n",
    "end\n",
    "Ωchol = cholesky!(Symmetric(Ω))\n",
    "\n",
    "# n-by-d responses\n",
    "Y = X * β + reshape(Ωchol.L * randn(n*d), n, d);"
   ]
  },
  {
   "cell_type": "markdown",
   "metadata": {},
   "source": [
    "## Model formulation"
   ]
  },
  {
   "cell_type": "markdown",
   "metadata": {},
   "source": [
    "We assume that response matrix $Y$ is distributed as \n",
    "\n",
    "$$Y \\sim \\text{Normal}(X\\beta, \\Sigma_1 \\otimes V_1 + \\cdots + \\Sigma_{9}\\otimes V_{9} + \\Sigma_0 \\otimes I_n)$$\n",
    "\n",
    "where $\\otimes$ indicates Kronecker product and each $\\Sigma_i$ indicates variance component for $i$-th group, $i=1,\\ldots, 9.$ Define $\\Omega = \\text{Var}(Y) = \\sigma_1^2 V_1 + \\cdots + \\sigma_{9}^2V_{9} + \\sigma_0^2 I_n.$\n",
    "\n",
    "Suppose we wish to select $\\Sigma_i, i=1,\\ldots, 9$ that are associated with response $Y.$ This can be achieved by `VarianceComponentSelect.jl` package. "
   ]
  },
  {
   "cell_type": "markdown",
   "metadata": {},
   "source": [
    "## VCModel "
   ]
  },
  {
   "cell_type": "markdown",
   "metadata": {},
   "source": [
    "First load the package."
   ]
  },
  {
   "cell_type": "code",
   "execution_count": 2,
   "metadata": {},
   "outputs": [
    {
     "name": "stderr",
     "output_type": "stream",
     "text": [
      "┌ Info: Recompiling stale cache file /Users/juhyun-kim/.julia/compiled/v1.1/VarianceComponentSelect/iiLmX.ji for VarianceComponentSelect [684d1ed6-5d62-11e9-0c0b-878d753c12b1]\n",
      "└ @ Base loading.jl:1184\n"
     ]
    }
   ],
   "source": [
    "using VarianceComponentSelect "
   ]
  },
  {
   "cell_type": "markdown",
   "metadata": {},
   "source": [
    "To perform selection, take 2 steps:\n",
    "\n",
    "**Step 1 (Construct a model)**. Construct an instance of `VCModel`, which is the fundamental type for variance component model. It consists of fields \n",
    "\n",
    "* `Y`: $n$-by-$d$ responses. \n",
    "* `X`: $n$-by-$p$ covariate matrix (if exists).\n",
    "* `V=(V[1],...,V[m],I)`: a vector of $n$-by-$n$ covariance matrices. The last covariance matrix must be positive definite and usually is the identity matrix.\n",
    "* `Σ=(Σ[1],...,Σ[m])`: a vector of initial estimates for $d$-by-$d$ variance component parameters. When $d=1$, `Σ` is a $m$-by-$1$ vector. If not supplied, it is set to be a vector of $d$-by-$d$ identity matrix by default. "
   ]
  },
  {
   "cell_type": "markdown",
   "metadata": {},
   "source": [
    "`VCModel` can be initialized by "
   ]
  },
  {
   "cell_type": "raw",
   "metadata": {},
   "source": [
    "VCModel(Y, V)\n",
    "VCModel(Y, V, Σ)\n",
    "VCModel(Y, X, V)\n",
    "VCModel(Y, X, V, Σ)"
   ]
  },
  {
   "cell_type": "markdown",
   "metadata": {},
   "source": [
    "Let us construct a `VCModel` using `Y`, `X`, and `V`. Since we do not provide `Σ`, it is initialized to be a vector of identity matrices. "
   ]
  },
  {
   "cell_type": "code",
   "execution_count": 3,
   "metadata": {
    "collapsed": true
   },
   "outputs": [],
   "source": [
    "vcm = VCModel(Y, X, V);"
   ]
  },
  {
   "cell_type": "code",
   "execution_count": 4,
   "metadata": {},
   "outputs": [
    {
     "data": {
      "text/plain": [
       "10-element Array{Array{Float64,2},1}:\n",
       " [1.0 0.0 0.0; 0.0 1.0 0.0; 0.0 0.0 1.0]\n",
       " [1.0 0.0 0.0; 0.0 1.0 0.0; 0.0 0.0 1.0]\n",
       " [1.0 0.0 0.0; 0.0 1.0 0.0; 0.0 0.0 1.0]\n",
       " [1.0 0.0 0.0; 0.0 1.0 0.0; 0.0 0.0 1.0]\n",
       " [1.0 0.0 0.0; 0.0 1.0 0.0; 0.0 0.0 1.0]\n",
       " [1.0 0.0 0.0; 0.0 1.0 0.0; 0.0 0.0 1.0]\n",
       " [1.0 0.0 0.0; 0.0 1.0 0.0; 0.0 0.0 1.0]\n",
       " [1.0 0.0 0.0; 0.0 1.0 0.0; 0.0 0.0 1.0]\n",
       " [1.0 0.0 0.0; 0.0 1.0 0.0; 0.0 0.0 1.0]\n",
       " [1.0 0.0 0.0; 0.0 1.0 0.0; 0.0 0.0 1.0]"
      ]
     },
     "execution_count": 4,
     "metadata": {},
     "output_type": "execute_result"
    }
   ],
   "source": [
    "vcm.Σ"
   ]
  },
  {
   "cell_type": "markdown",
   "metadata": {},
   "source": [
    "**Step 2 (Optimize)**. Call optimization routine `vcselect!`. \n",
    "\n",
    "Required input argument for executing `vcselect!` is `VCModel`:\n",
    "    \n",
    "- `vcm`: `VCModel`.\n",
    "\n",
    "Keyword Arguments are \n",
    "\n",
    "- `penfun`: penalty function. Default is `NoPenalty()`.\n",
    "- `λ`: tuning parameter. Default is 1.    \n",
    "- `penwt`: penalty weights. Default is (1,...1,0).\n",
    "- `standardize`: logical flag for covariance matrix standardization. Default is `true`.\n",
    "    If true, `V[i]` is standardized by its Frobenius norm, and parameter estimates are \n",
    "    returned on the original scale.\n",
    "- `maxiters`: maximum number of iterations. Default is 1000.\n",
    "- `tol`: convergence tolerance. Default is `1e-6`.\n",
    "- `verbose`: display switch. Default is false.\n",
    "- `checktype`: check argument type switch. Default is true."
   ]
  },
  {
   "cell_type": "markdown",
   "metadata": {},
   "source": [
    "<a id='no-penalty'></a>\n",
    "### No penalty "
   ]
  },
  {
   "cell_type": "markdown",
   "metadata": {},
   "source": [
    "First, we call `vcselect!` without specifying any penalty function. By default, it is fit with no penalty (i.e. $\\lambda=0$)."
   ]
  },
  {
   "cell_type": "code",
   "execution_count": 28,
   "metadata": {},
   "outputs": [
    {
     "data": {
      "text/plain": [
       "(VCModel{Float64}([0.690207 0.466071 1.29446; 2.28716 0.81625 -0.189838; … ; 1.34082 0.0860515 1.61933; -1.72776 0.211004 -1.47735], [0.243907 0.378041 -0.975396 0.584885; -0.989092 0.0500798 0.311543 1.95275; … ; -1.46824 0.6109 -0.626613 1.89667; -0.360555 0.40908 -1.77907 1.51801], Array{Float64,2}[[0.0599187 -0.00131777 … 0.0101228 -0.0209703; -0.00131777 0.0423747 … -0.000649671 0.0114462; … ; 0.0101228 -0.000649671 … 0.0935811 0.00145392; -0.0209703 0.0114462 … 0.00145392 0.0594478], [0.0670839 0.00396808 … -0.00134069 0.00427429; 0.00396808 0.0483372 … 0.0101811 -0.00898515; … ; -0.00134069 0.0101811 … 0.0735485 0.000326149; 0.00427429 -0.00898515 … 0.000326149 0.0435429], [0.0647478 0.0086975 … 0.00875552 0.00150855; 0.0086975 0.060456 … -0.00418824 -0.00663696; … ; 0.00875552 -0.00418824 … 0.0473863 -0.00235967; 0.00150855 -0.00663696 … -0.00235967 0.0576471], [0.0458703 -0.0183455 … 0.00388468 -0.0107815; -0.0183455 0.075385 … -0.0190379 -0.000896168; … ; 0.00388468 -0.0190379 … 0.0621611 0.00536742; -0.0107815 -0.000896168 … 0.00536742 0.0491131], [0.0689664 0.000824567 … 0.00904905 0.0073484; 0.000824567 0.0495188 … -0.00371127 0.00997406; … ; 0.00904905 -0.00371127 … 0.0588583 0.00397735; 0.0073484 0.00997406 … 0.00397735 0.0603655], [0.0417398 -0.00428062 … 0.00280598 0.00234459; -0.00428062 0.0414537 … 0.00184038 -0.00271734; … ; 0.00280598 0.00184038 … 0.0412399 -0.00205513; 0.00234459 -0.00271734 … -0.00205513 0.0584777], [0.0473013 -0.00523899 … -0.0119139 0.00685021; -0.00523899 0.0524326 … -0.0192359 0.00215818; … ; -0.0119139 -0.0192359 … 0.0602684 -0.00694439; 0.00685021 0.00215818 … -0.00694439 0.0455665], [0.055496 0.0151704 … -0.022648 0.00746035; 0.0151704 0.0412024 … -0.005536 0.0118265; … ; -0.022648 -0.005536 … 0.0535263 0.0123413; 0.00746035 0.0118265 … 0.0123413 0.0569738], [0.061401 -0.000292032 … -0.00545211 -0.00486321; -0.000292032 0.0506673 … -0.00517142 0.00735278; … ; -0.00545211 -0.00517142 … 0.0638075 0.0150499; -0.00486321 0.00735278 … 0.0150499 0.059579], [0.1 0.0 … 0.0 0.0; 0.0 0.1 … 0.0 0.0; … ; 0.0 0.0 … 0.1 0.0; 0.0 0.0 … 0.0 0.1]], [-0.839264 0.16645 -1.49412; -0.504356 0.857665 0.889079; … ; 0.445215 -0.244842 1.87319; -1.85784 0.458364 -0.752354], [-0.839264, -0.504356, -0.821601, 0.318922, 0.0312731, -1.63826, -1.22203, -1.10033, -0.209814, -0.306137  …  -0.825748, 1.02208, 1.78639, 0.782666, 1.04751, -1.51518, -0.944144, -0.560988, 1.87319, -0.752354], Array{Float64,2}[[0.0599688 0.00743702 … 0.00662432 0.0066296; 0.00743702 0.0461474 … 0.000346121 0.00136177; … ; 0.00662432 0.000346121 … 0.0918897 -0.0030745; 0.0066296 0.00136177 … -0.0030745 0.0584548], [0.0754759 0.00121233 … -0.0040347 -0.00011284; 0.00121233 0.0504725 … 0.00749092 -0.0109455; … ; -0.0040347 0.00749092 … 0.0674441 0.000862267; -0.00011284 -0.0109455 … 0.000862267 0.0446576], [0.0562166 -0.0116938 … -0.00556631 -0.00062353; -0.0116938 0.0489043 … 0.00231235 -0.00449367; … ; -0.00556631 0.00231235 … 0.0517964 0.00391582; -0.00062353 -0.00449367 … 0.00391582 0.0591008], [0.0533106 -0.00392397 … -0.00921419 -0.00290906; -0.00392397 0.0497441 … 0.00537335 0.00750668; … ; -0.00921419 0.00537335 … 0.0638206 0.00305593; -0.00290906 0.00750668 … 0.00305593 0.0488735], [0.0684462 -0.00842625 … 0.00512365 0.0135992; -0.00842625 0.0693199 … 0.00620994 0.00825389; … ; 0.00512365 0.00620994 … 0.0691113 0.00769546; 0.0135992 0.00825389 … 0.00769546 0.0581766], [0.0502055 -0.0101625 … 0.00861285 0.0072421; -0.0101625 0.0638168 … 0.00530764 -0.00167105; … ; 0.00861285 0.00530764 … 0.0439877 -0.00340754; 0.0072421 -0.00167105 … -0.00340754 0.0544369], [0.0516156 0.00682219 … 0.00260116 0.00206402; 0.00682219 0.06009 … -0.00442125 -0.00384123; … ; 0.00260116 -0.00442125 … 0.0556334 -0.00427677; 0.00206402 -0.00384123 … -0.00427677 0.0464485], [0.0659459 -0.00110172 … 0.00508306 -0.000306648; -0.00110172 0.0567161 … 0.0100736 0.00996149; … ; 0.00508306 0.0100736 … 0.0450851 0.0100097; -0.000306648 0.00996149 … 0.0100097 0.0563682], [0.062597 -0.0191982 … -0.0184618 0.00882058; -0.0191982 0.0470322 … 0.0185507 -0.00389229; … ; -0.0184618 0.0185507 … 0.0632045 0.00938995; 0.00882058 -0.00389229 … 0.00938995 0.0525358], [1.0 0.0 … 0.0 0.0; 0.0 1.0 … 0.0 0.0; … ; 0.0 0.0 … 1.0 0.0; 0.0 0.0 … 0.0 1.0]], [0.941992 1.02067 1.0358; 1.07019 0.950794 0.886635; 0.991489 0.99978 1.16173; 1.12006 0.942931 0.885506], Array{Float64,2}[[5.41618 -0.567515 -1.85773; -0.567515 0.487707 0.745929; -1.85773 0.745929 4.11494], [0.0359293 -0.0328776 -0.265457; -0.0328776 0.0300851 0.242911; -0.265457 0.242911 1.96129], [1.14582 -0.454186 0.600102; -0.454186 0.180032 -0.237871; 0.600102 -0.237871 0.314293], [4.23421 -1.91057 -1.14315; -1.91057 2.44715 1.39522; -1.14315 1.39522 4.03203], [1.07241 -0.418419 -0.115223; -0.418419 0.163253 0.0449563; -0.115223 0.0449563 0.0123806], [0.655003 -0.267221 -1.68429; -0.267221 0.109018 0.68714; -1.68429 0.68714 4.33104], [0.0162617 -0.0218504 -0.0708185; -0.0218504 0.0293597 0.0951569; -0.0708185 0.0951569 0.30841], [0.218394 -0.1187 -0.214615; -0.1187 0.0645705 0.116908; -0.214615 0.116908 0.212137], [0.237962 -0.0476638 0.506148; -0.0476638 0.00954705 -0.101381; 0.506148 -0.101381 1.07658], [0.0524607 -0.0148421 0.089341; -0.0148421 0.00424101 -0.0244705; 0.089341 -0.0244705 0.167635]], [1.0, 1.0, 1.0, 1.0, 1.0, 1.0, 1.0, 1.0, 1.0, 1.0], [0.806542 -0.0100811 … -0.0297588 -0.0187154; -0.0100811 0.711575 … -0.009501 -0.0128746; … ; -0.0297588 -0.009501 … 1.23777 -0.00115732; -0.0187154 -0.0128746 … -0.00115732 1.03073], [0.898077 0.0 … 0.0 0.0; -0.0112252 0.843474 … 0.0 0.0; … ; -0.0331361 -0.0117051 … 0.914795 0.0; -0.0208394 -0.0155411 … -0.0127543 0.784223], [11.7024 -1.39935 … -0.0799534 -0.196285; -1.39935 16.6572 … 0.130297 0.065606; … ; -0.0799534 0.130297 … 1.19527 0.02267; -0.196285 0.065606 … 0.02267 1.626], [-0.555648, 6.38176, -3.01743, -5.46084, -3.18515, -4.43117, -1.09137, -3.78995, 1.22847, -0.295732  …  -1.27312, 0.755418, 1.25908, 0.365096, 0.869211, -0.654559, -2.48813, -1.68364, 1.90739, -1.62627], [-0.555648 -2.6753 -1.38031; 6.38176 15.559 -0.797255; … ; 0.153018 -5.85798 1.90739; 1.34871 6.45531 -1.62627], Array{Float64,2}[[0.0599688 0.00743702 … 0.00662432 0.0066296; 0.00743702 0.0461474 … 0.000346121 0.00136177; … ; 0.00662432 0.000346121 … 0.0918897 -0.0030745; 0.0066296 0.00136177 … -0.0030745 0.0584548], [0.0754759 0.00121233 … -0.0040347 -0.00011284; 0.00121233 0.0504725 … 0.00749092 -0.0109455; … ; -0.0040347 0.00749092 … 0.0674441 0.000862267; -0.00011284 -0.0109455 … 0.000862267 0.0446576], [0.0562166 -0.0116938 … -0.00556631 -0.00062353; -0.0116938 0.0489043 … 0.00231235 -0.00449367; … ; -0.00556631 0.00231235 … 0.0517964 0.00391582; -0.00062353 -0.00449367 … 0.00391582 0.0591008], [0.0533106 -0.00392397 … -0.00921419 -0.00290906; -0.00392397 0.0497441 … 0.00537335 0.00750668; … ; -0.00921419 0.00537335 … 0.0638206 0.00305593; -0.00290906 0.00750668 … 0.00305593 0.0488735], [0.0684462 -0.00842625 … 0.00512365 0.0135992; -0.00842625 0.0693199 … 0.00620994 0.00825389; … ; 0.00512365 0.00620994 … 0.0691113 0.00769546; 0.0135992 0.00825389 … 0.00769546 0.0581766], [0.0502055 -0.0101625 … 0.00861285 0.0072421; -0.0101625 0.0638168 … 0.00530764 -0.00167105; … ; 0.00861285 0.00530764 … 0.0439877 -0.00340754; 0.0072421 -0.00167105 … -0.00340754 0.0544369], [0.0516156 0.00682219 … 0.00260116 0.00206402; 0.00682219 0.06009 … -0.00442125 -0.00384123; … ; 0.00260116 -0.00442125 … 0.0556334 -0.00427677; 0.00206402 -0.00384123 … -0.00427677 0.0464485], [0.0659459 -0.00110172 … 0.00508306 -0.000306648; -0.00110172 0.0567161 … 0.0100736 0.00996149; … ; 0.00508306 0.0100736 … 0.0450851 0.0100097; -0.000306648 0.00996149 … 0.0100097 0.0563682], [0.062597 -0.0191982 … -0.0184618 0.00882058; -0.0191982 0.0470322 … 0.0185507 -0.00389229; … ; -0.0184618 0.0185507 … 0.0632045 0.00938995; 0.00882058 -0.00389229 … 0.00938995 0.0525358], [1.0 0.0 … 0.0 0.0; 0.0 1.0 … 0.0 0.0; … ; 0.0 0.0 … 1.0 0.0; 0.0 0.0 … 0.0 1.0]], [11.4912 0.0 0.0; 25.8742 12.6441 0.0; -1.51223 -0.694341 3.61126], [0.0870234 0.0 0.0; -0.17808 0.0790885 0.0; 0.00220181 0.0152064 0.276912], [11.7027 -0.0 … -0.0 -0.0; -0.0 16.6573 … 0.0 0.0; … ; -0.0 0.0 … 1.19525 0.0; -0.0 0.0 … 0.0 1.62592], [0.0343929 0.566602 -0.161285; -1226.57 4108.31 5341.16; 1679.21 -5070.33 6959.78], [-1.72281 5.26329 -7.63023; 0.509964 -1.5221 1.97215; … ; 4.10753 -12.3831 16.8694; -2.62951 7.949 -10.9725], [0.729402 -0.0734685 … -0.0204601 0.0417094; -0.0734685 0.727125 … 0.0150148 -0.017379; … ; -0.0204601 0.0150148 … 1.0896 0.0353497; 0.0417094 -0.017379 … 0.0353497 0.907229]), 234.93675877814383, 145, Float64[])"
      ]
     },
     "execution_count": 28,
     "metadata": {},
     "output_type": "execute_result"
    }
   ],
   "source": [
    "vcm_nopen = deepcopy(vcm);\n",
    "vcm_nopen, final_obj, niters, = vcselect!(vcm_nopen);\n",
    "## equivalent to \n",
    "# vcselect!(vcm_nopen; penfun=NoPenalty());\n",
    "# vcselect!(vcm_nopen; λ=0.0)"
   ]
  },
  {
   "cell_type": "markdown",
   "metadata": {},
   "source": [
    "The output of `vcselect!` contains "
   ]
  },
  {
   "cell_type": "markdown",
   "metadata": {},
   "source": [
    "* fitted model "
   ]
  },
  {
   "cell_type": "code",
   "execution_count": 27,
   "metadata": {},
   "outputs": [],
   "source": [
    "vcm_nopen;"
   ]
  },
  {
   "cell_type": "markdown",
   "metadata": {},
   "source": [
    "Parameter estimates can be accessed as below:"
   ]
  },
  {
   "cell_type": "code",
   "execution_count": 7,
   "metadata": {},
   "outputs": [
    {
     "data": {
      "text/plain": [
       "10-element Array{Array{Float64,2},1}:\n",
       " [5.41618 -0.567515 -1.85773; -0.567515 0.487707 0.745929; -1.85773 0.745929 4.11494]           \n",
       " [0.0359293 -0.0328776 -0.265457; -0.0328776 0.0300851 0.242911; -0.265457 0.242911 1.96129]    \n",
       " [1.14582 -0.454186 0.600102; -0.454186 0.180032 -0.237871; 0.600102 -0.237871 0.314293]        \n",
       " [4.23421 -1.91057 -1.14315; -1.91057 2.44715 1.39522; -1.14315 1.39522 4.03203]                \n",
       " [1.07241 -0.418419 -0.115223; -0.418419 0.163253 0.0449563; -0.115223 0.0449563 0.0123806]     \n",
       " [0.655003 -0.267221 -1.68429; -0.267221 0.109018 0.68714; -1.68429 0.68714 4.33104]            \n",
       " [0.0162617 -0.0218504 -0.0708185; -0.0218504 0.0293597 0.0951569; -0.0708185 0.0951569 0.30841]\n",
       " [0.218394 -0.1187 -0.214615; -0.1187 0.0645705 0.116908; -0.214615 0.116908 0.212137]          \n",
       " [0.237962 -0.0476638 0.506148; -0.0476638 0.00954705 -0.101381; 0.506148 -0.101381 1.07658]    \n",
       " [0.0524607 -0.0148421 0.089341; -0.0148421 0.00424101 -0.0244705; 0.089341 -0.0244705 0.167635]"
      ]
     },
     "execution_count": 7,
     "metadata": {},
     "output_type": "execute_result"
    }
   ],
   "source": [
    "# variance components\n",
    "vcm_nopen.Σ "
   ]
  },
  {
   "cell_type": "code",
   "execution_count": 8,
   "metadata": {},
   "outputs": [
    {
     "data": {
      "text/plain": [
       "4×3 Array{Float64,2}:\n",
       " 0.941992  1.02067   1.0358  \n",
       " 1.07019   0.950794  0.886635\n",
       " 0.991489  0.99978   1.16173 \n",
       " 1.12006   0.942931  0.885506"
      ]
     },
     "execution_count": 8,
     "metadata": {},
     "output_type": "execute_result"
    }
   ],
   "source": [
    "# mean regression coefficients \n",
    "vcm_nopen.β "
   ]
  },
  {
   "cell_type": "code",
   "execution_count": 9,
   "metadata": {},
   "outputs": [
    {
     "data": {
      "text/plain": [
       "300×300 Array{Float64,2}:\n",
       "  0.729402    -0.0734685   -0.0734713   …  -0.0204601    0.0417094 \n",
       " -0.0734685    0.727125     0.0107505       0.0150148   -0.017379  \n",
       " -0.0734713    0.0107505    0.734426        0.00408945  -0.0187372 \n",
       "  0.0455674    0.00119122   0.0532174      -0.0244559   -0.00433229\n",
       " -0.0278297    0.0642185   -0.0513323      -0.0312722   -0.0261556 \n",
       " -0.0735564    0.0533639   -0.00603186  …  -0.00682446  -0.0119892 \n",
       " -0.0446289    0.0630281   -0.0668907       0.0304985   -0.00760367\n",
       " -0.0391291   -0.0148878    0.0141517      -0.0141088    0.0212694 \n",
       "  0.0430399    0.0405642   -0.0514092       0.0025682    0.027815  \n",
       "  0.0525912   -0.016842    -0.0931243      -0.0191523   -0.0179507 \n",
       " -0.0589728    0.0349612    0.0160498   …  -0.0226833   -0.00634026\n",
       "  0.0518091   -0.0747142   -0.0251346      -0.030132     0.0242767 \n",
       " -0.0396332   -0.0977111   -0.0334887      -0.0220223   -0.0664921 \n",
       "  ⋮                                     ⋱                          \n",
       " -0.0194753    0.00545236  -0.00742605      0.00967686  -0.0296348 \n",
       "  0.0335349   -0.0189215   -0.00937383     -0.00793644  -0.0905716 \n",
       "  0.0202382    0.0208881   -0.00483227  …   0.045969    -0.0525679 \n",
       " -0.034761     0.025543     0.0148802       0.127656     0.0234567 \n",
       "  0.0358628   -0.00438791   0.0139905       0.00604955   0.0956525 \n",
       " -0.0452717   -0.0233948   -0.0297226      -0.0200551    0.0204865 \n",
       "  0.0154263    0.0118663   -0.00378217     -0.102915    -0.0200454 \n",
       "  0.00716599   0.00552971  -0.0195185   …   0.060493     0.0470797 \n",
       "  0.0133342    0.0298747    0.012974       -0.0932444   -0.0192824 \n",
       " -0.0192032    0.0358462   -0.00793452      0.0681158    0.0171597 \n",
       " -0.0204601    0.0150148    0.00408945      1.0896       0.0353497 \n",
       "  0.0417094   -0.017379    -0.0187372       0.0353497    0.907229  "
      ]
     },
     "execution_count": 9,
     "metadata": {},
     "output_type": "execute_result"
    }
   ],
   "source": [
    "# estimated nd-by-nd overall covariance matrix \n",
    "vcm_nopen.Ωest "
   ]
  },
  {
   "cell_type": "markdown",
   "metadata": {},
   "source": [
    "* final objective value"
   ]
  },
  {
   "cell_type": "code",
   "execution_count": 10,
   "metadata": {},
   "outputs": [
    {
     "data": {
      "text/plain": [
       "234.93675877814383"
      ]
     },
     "execution_count": 10,
     "metadata": {},
     "output_type": "execute_result"
    }
   ],
   "source": [
    "final_obj"
   ]
  },
  {
   "cell_type": "markdown",
   "metadata": {},
   "source": [
    "* number of iterations to convergence"
   ]
  },
  {
   "cell_type": "code",
   "execution_count": 11,
   "metadata": {},
   "outputs": [
    {
     "data": {
      "text/plain": [
       "145"
      ]
     },
     "execution_count": 11,
     "metadata": {},
     "output_type": "execute_result"
    }
   ],
   "source": [
    "niters"
   ]
  },
  {
   "cell_type": "markdown",
   "metadata": {},
   "source": [
    "### Selection at specific regularization parameter "
   ]
  },
  {
   "cell_type": "markdown",
   "metadata": {},
   "source": [
    "Now we specify penalty function `penfun=L1Penalty()` and regularization parameter value `λ=2.0`. "
   ]
  },
  {
   "cell_type": "code",
   "execution_count": 12,
   "metadata": {
    "collapsed": true
   },
   "outputs": [],
   "source": [
    "vcm_L1 = deepcopy(vcm)\n",
    "vcm_L1, obj_L1, niters_L1, = vcselect!(vcm_L1; penfun=L1Penalty(), λ=2.0);"
   ]
  },
  {
   "cell_type": "code",
   "execution_count": 13,
   "metadata": {},
   "outputs": [
    {
     "data": {
      "text/plain": [
       "10-element Array{Array{Float64,2},1}:\n",
       " [4.36689 -0.244102 -1.34121; -0.244102 0.448566 0.678832; -1.34121 0.678832 2.76333]                               \n",
       " [0.0 0.0 0.0; 0.0 0.0 0.0; 0.0 0.0 0.0]                                                                            \n",
       " [5.61864e-74 -1.32252e-73 2.95147e-73; -1.32252e-73 3.12127e-73 -6.96769e-73; 2.95147e-73 -6.96769e-73 1.55546e-72]\n",
       " [2.93812 -1.34528 -1.14799; -1.34528 2.15263 1.21663; -1.14799 1.21663 2.44571]                                    \n",
       " [0.332905 -0.135161 -0.0383082; -0.135161 0.0548758 0.0155533; -0.0383082 0.0155533 0.00440823]                    \n",
       " [0.279668 -0.113394 -0.671392; -0.113394 0.045977 0.272223; -0.671392 0.272223 1.61179]                            \n",
       " [0.0 0.0 0.0; 0.0 0.0 0.0; 0.0 0.0 0.0]                                                                            \n",
       " [0.166032 -0.102487 -0.127646; -0.102487 0.0632621 0.0787922; -0.127646 0.0787922 0.0981349]                       \n",
       " [0.0 0.0 0.0; 0.0 0.0 0.0; 0.0 0.0 0.0]                                                                            \n",
       " [0.232675 -0.0804132 0.0897593; -0.0804132 0.029179 -0.00311013; 0.0897593 -0.00311013 0.59591]                    "
      ]
     },
     "execution_count": 13,
     "metadata": {},
     "output_type": "execute_result"
    }
   ],
   "source": [
    "vcm_L1.Σ"
   ]
  },
  {
   "cell_type": "code",
   "execution_count": 14,
   "metadata": {},
   "outputs": [
    {
     "data": {
      "text/plain": [
       "4×3 Array{Float64,2}:\n",
       " 0.868687  1.03693   0.994744\n",
       " 1.01282   0.97068   0.879575\n",
       " 0.965734  1.02041   1.16722 \n",
       " 1.09297   0.951965  0.882204"
      ]
     },
     "execution_count": 14,
     "metadata": {},
     "output_type": "execute_result"
    }
   ],
   "source": [
    "vcm_L1.β"
   ]
  },
  {
   "cell_type": "code",
   "execution_count": 15,
   "metadata": {},
   "outputs": [
    {
     "data": {
      "text/plain": [
       "256.2796651895981"
      ]
     },
     "execution_count": 15,
     "metadata": {},
     "output_type": "execute_result"
    }
   ],
   "source": [
    "obj_L1"
   ]
  },
  {
   "cell_type": "code",
   "execution_count": 16,
   "metadata": {},
   "outputs": [
    {
     "data": {
      "text/plain": [
       "127"
      ]
     },
     "execution_count": 16,
     "metadata": {},
     "output_type": "execute_result"
    }
   ],
   "source": [
    "niters_L1"
   ]
  },
  {
   "cell_type": "markdown",
   "metadata": {},
   "source": [
    "### Obtain solution path "
   ]
  },
  {
   "cell_type": "markdown",
   "metadata": {},
   "source": [
    "`vcselectpath!` function to compute regularization path for a given penalty at a grid of the regularization parameter lambda values. `vcselectpath!` provides options for users to customize. Keyword arguments for the function are \n",
    "\n",
    "- `penfun`: penalty function (e.g. `NoPenalty()`, `L1Penalty()`, `MCPPenalty()`). Default is `NoPenalty()`.\n",
    "- `penwt`: weights for penalty term. Default is (1,1,...1,0).\n",
    "- `nλ`: number of `λ` values in the sequence. Default is 100. \n",
    "- `λpath`: user-provided sequence of `λ` values in ascending order. Typically the program computes its own `λ` sequence based on `nλ`, but supplying `λpath` overrides this.\n",
    "- `maxiter`: maximum number of iteration for MM loop. Default is 1000.\n",
    "- `standardize`: logical flag for covariance matrix standardization. Default is `true`. If true, `V[i]` is standardized by its Frobenius norm.\n",
    "- `tol`: convergence tolerance. Default is `1e-6`."
   ]
  },
  {
   "cell_type": "markdown",
   "metadata": {},
   "source": [
    "When called without any penalty, `vcselectpath!` returns the same output as `vcselect!` with `penfun=NoPenalty()` ([compare the output](#no-penalty)). "
   ]
  },
  {
   "cell_type": "code",
   "execution_count": 17,
   "metadata": {
    "scrolled": true
   },
   "outputs": [
    {
     "data": {
      "text/plain": [
       "(Array{Float64,2}[[5.41618 -0.567515 -1.85773; -0.567515 0.487707 0.745929; -1.85773 0.745929 4.11494], [0.0359293 -0.0328776 -0.265457; -0.0328776 0.0300851 0.242911; -0.265457 0.242911 1.96129], [1.14582 -0.454186 0.600102; -0.454186 0.180032 -0.237871; 0.600102 -0.237871 0.314293], [4.23421 -1.91057 -1.14315; -1.91057 2.44715 1.39522; -1.14315 1.39522 4.03203], [1.07241 -0.418419 -0.115223; -0.418419 0.163253 0.0449563; -0.115223 0.0449563 0.0123806], [0.655003 -0.267221 -1.68429; -0.267221 0.109018 0.68714; -1.68429 0.68714 4.33104], [0.0162617 -0.0218504 -0.0708185; -0.0218504 0.0293597 0.0951569; -0.0708185 0.0951569 0.30841], [0.218394 -0.1187 -0.214615; -0.1187 0.0645705 0.116908; -0.214615 0.116908 0.212137], [0.237962 -0.0476638 0.506148; -0.0476638 0.00954705 -0.101381; 0.506148 -0.101381 1.07658], [0.0524607 -0.0148421 0.089341; -0.0148421 0.00424101 -0.0244705; 0.089341 -0.0244705 0.167635]], [0.941992 1.02067 1.0358; 1.07019 0.950794 0.886635; 0.991489 0.99978 1.16173; 1.12006 0.942931 0.885506], [0.0], 234.93675877814383, 145)"
      ]
     },
     "execution_count": 17,
     "metadata": {},
     "output_type": "execute_result"
    }
   ],
   "source": [
    "vcmpath_np = deepcopy(vcm)\n",
    "Σ̂path_np, β̂path_np, λpath_np, objpath_np, niterspath_np = vcselectpath!(vcmpath_np)"
   ]
  },
  {
   "cell_type": "code",
   "execution_count": 18,
   "metadata": {},
   "outputs": [
    {
     "data": {
      "text/plain": [
       "10-element Array{Array{Float64,2},1}:\n",
       " [5.41618 -0.567515 -1.85773; -0.567515 0.487707 0.745929; -1.85773 0.745929 4.11494]           \n",
       " [0.0359293 -0.0328776 -0.265457; -0.0328776 0.0300851 0.242911; -0.265457 0.242911 1.96129]    \n",
       " [1.14582 -0.454186 0.600102; -0.454186 0.180032 -0.237871; 0.600102 -0.237871 0.314293]        \n",
       " [4.23421 -1.91057 -1.14315; -1.91057 2.44715 1.39522; -1.14315 1.39522 4.03203]                \n",
       " [1.07241 -0.418419 -0.115223; -0.418419 0.163253 0.0449563; -0.115223 0.0449563 0.0123806]     \n",
       " [0.655003 -0.267221 -1.68429; -0.267221 0.109018 0.68714; -1.68429 0.68714 4.33104]            \n",
       " [0.0162617 -0.0218504 -0.0708185; -0.0218504 0.0293597 0.0951569; -0.0708185 0.0951569 0.30841]\n",
       " [0.218394 -0.1187 -0.214615; -0.1187 0.0645705 0.116908; -0.214615 0.116908 0.212137]          \n",
       " [0.237962 -0.0476638 0.506148; -0.0476638 0.00954705 -0.101381; 0.506148 -0.101381 1.07658]    \n",
       " [0.0524607 -0.0148421 0.089341; -0.0148421 0.00424101 -0.0244705; 0.089341 -0.0244705 0.167635]"
      ]
     },
     "execution_count": 18,
     "metadata": {},
     "output_type": "execute_result"
    }
   ],
   "source": [
    "Σ̂path_np"
   ]
  },
  {
   "cell_type": "code",
   "execution_count": 19,
   "metadata": {},
   "outputs": [
    {
     "data": {
      "text/plain": [
       "4×3 Array{Float64,2}:\n",
       " 0.941992  1.02067   1.0358  \n",
       " 1.07019   0.950794  0.886635\n",
       " 0.991489  0.99978   1.16173 \n",
       " 1.12006   0.942931  0.885506"
      ]
     },
     "execution_count": 19,
     "metadata": {},
     "output_type": "execute_result"
    }
   ],
   "source": [
    "β̂path_np"
   ]
  },
  {
   "cell_type": "markdown",
   "metadata": {},
   "source": [
    "Now let us call `vcselectpath!` with `penfun=L1Penalty()`. Since we do not provide `nλ` or `λpath`, a grid of 100 $λ$ values is generated internally. "
   ]
  },
  {
   "cell_type": "code",
   "execution_count": 20,
   "metadata": {
    "collapsed": true
   },
   "outputs": [],
   "source": [
    "vcm_path = deepcopy(vcm)\n",
    "Σ̂path, β̂path, λpath, objpath, niterspath = vcselectpath!(vcm_path; \n",
    "    penfun=L1Penalty());"
   ]
  },
  {
   "cell_type": "markdown",
   "metadata": {},
   "source": [
    "Output of `vcselectpath!` include"
   ]
  },
  {
   "cell_type": "markdown",
   "metadata": {},
   "source": [
    "* variance component parameters path: $(i,j)$-th element corresponds to $i$-th variance component matrix at `λpath[j]`, $i=1,\\ldots, 9, \\; j=1,\\ldots, 100$. The last row is for the residual variance component $\\Sigma_0.$ "
   ]
  },
  {
   "cell_type": "code",
   "execution_count": 21,
   "metadata": {
    "scrolled": true
   },
   "outputs": [
    {
     "data": {
      "text/plain": [
       "10×100 Array{Array{Float64,2},2}:\n",
       " [5.41618 -0.567515 -1.85773; -0.567515 0.487707 0.745929; -1.85773 0.745929 4.11494]             …  [1.13614 0.297713 0.0733751; 0.297713 0.0780126 0.0192272; 0.0733751 0.0192272 0.00473883]   \n",
       " [0.0359293 -0.0328776 -0.265457; -0.0328776 0.0300851 0.242911; -0.265457 0.242911 1.96129]         [0.0 0.0 0.0; 0.0 0.0 0.0; 0.0 0.0 0.0]                                                      \n",
       " [1.14582 -0.454186 0.600102; -0.454186 0.180032 -0.237871; 0.600102 -0.237871 0.314293]             [0.0 0.0 0.0; 0.0 0.0 0.0; 0.0 0.0 0.0]                                                      \n",
       " [4.23421 -1.91057 -1.14315; -1.91057 2.44715 1.39522; -1.14315 1.39522 4.03203]                     [2.27936e-5 0.00431234 0.00149786; 0.00431234 0.815854 0.28338; 0.00149786 0.28338 0.0984299]\n",
       " [1.07241 -0.418419 -0.115223; -0.418419 0.163253 0.0449563; -0.115223 0.0449563 0.0123806]          [0.0 0.0 0.0; 0.0 0.0 0.0; 0.0 0.0 0.0]                                                      \n",
       " [0.655003 -0.267221 -1.68429; -0.267221 0.109018 0.68714; -1.68429 0.68714 4.33104]              …  [0.0 0.0 0.0; 0.0 0.0 0.0; 0.0 0.0 0.0]                                                      \n",
       " [0.0162617 -0.0218504 -0.0708185; -0.0218504 0.0293597 0.0951569; -0.0708185 0.0951569 0.30841]     [0.0 0.0 0.0; 0.0 0.0 0.0; 0.0 0.0 0.0]                                                      \n",
       " [0.218394 -0.1187 -0.214615; -0.1187 0.0645705 0.116908; -0.214615 0.116908 0.212137]               [0.0 0.0 0.0; 0.0 0.0 0.0; 0.0 0.0 0.0]                                                      \n",
       " [0.237962 -0.0476638 0.506148; -0.0476638 0.00954705 -0.101381; 0.506148 -0.101381 1.07658]         [0.0 0.0 0.0; 0.0 0.0 0.0; 0.0 0.0 0.0]                                                      \n",
       " [0.0524607 -0.0148421 0.089341; -0.0148421 0.00424101 -0.0244705; 0.089341 -0.0244705 0.167635]     [0.62964 -0.245466 -0.153529; -0.245466 0.100785 0.132158; -0.153529 0.132158 1.14189]       "
      ]
     },
     "execution_count": 21,
     "metadata": {},
     "output_type": "execute_result"
    }
   ],
   "source": [
    "Σ̂path"
   ]
  },
  {
   "cell_type": "markdown",
   "metadata": {},
   "source": [
    "* mean regression coefficient path: $j$-th element in `β̂path` corresponds to $p$-by-$d$ coefficients at `λpath[j]`."
   ]
  },
  {
   "cell_type": "code",
   "execution_count": 22,
   "metadata": {},
   "outputs": [
    {
     "data": {
      "text/plain": [
       "100-element Array{Array{Float64,2},1}:\n",
       " [0.941992 1.02067 1.0358; 1.07019 0.950794 0.886635; 0.991489 0.99978 1.16173; 1.12006 0.942931 0.885506] \n",
       " [0.937583 1.0214 1.03735; 1.06909 0.950786 0.884404; 0.989808 1.00084 1.16146; 1.12042 0.943082 0.88692]  \n",
       " [0.933245 1.0189 1.02705; 1.06372 0.951819 0.891729; 0.988812 1.00424 1.16888; 1.12404 0.941589 0.883622] \n",
       " [0.911103 1.01757 1.00447; 1.05606 0.949689 0.878847; 0.982141 1.01618 1.17295; 1.12964 0.940489 0.883324]\n",
       " [0.845048 1.04595 1.00342; 0.999473 0.97327 0.882978; 0.981522 1.01621 1.16323; 1.09103 0.956055 0.878448]\n",
       " [0.868723 1.05062 1.03478; 0.981427 0.996011 0.987693; 1.009 1.00201 1.10674; 1.12361 0.947102 0.825887]  \n",
       " [0.8725 1.04827 1.04758; 0.98245 0.994927 0.997806; 1.00858 1.00262 1.11046; 1.12061 0.94954 0.834351]    \n",
       " [0.878613 1.044 1.05863; 0.984731 0.993414 1.01511; 1.00714 1.00302 1.1106; 1.11711 0.952501 0.843813]    \n",
       " [0.883887 1.03948 1.05694; 0.985626 0.992725 1.03289; 1.00436 1.00366 1.10602; 1.11392 0.954888 0.853234] \n",
       " [0.888488 1.03607 1.05356; 0.986744 0.992107 1.03973; 1.00103 1.00495 1.10599; 1.11166 0.955943 0.861633] \n",
       " [0.892876 1.03308 1.05285; 0.989867 0.991005 1.04191; 0.997662 1.00644 1.10777; 1.10881 0.956411 0.870393]\n",
       " [0.892282 1.03315 1.05712; 0.992374 0.989499 1.03606; 0.997268 1.00716 1.10921; 1.10487 0.957042 0.878316]\n",
       " [0.887028 1.03597 1.06574; 0.998622 0.986007 1.02415; 0.998422 1.00777 1.11138; 1.10109 0.956512 0.884098]\n",
       " ⋮                                                                                                         \n",
       " [0.928507 1.026 1.05117; 1.00544 0.983645 1.00017; 0.970606 1.01608 1.12478; 1.08563 0.960723 0.896494]   \n",
       " [0.928464 1.026 1.05117; 1.00539 0.983616 1.00016; 0.970626 1.01609 1.12478; 1.08562 0.960732 0.896498]   \n",
       " [0.928408 1.02599 1.05117; 1.00533 0.983577 1.00014; 0.970653 1.0161 1.12478; 1.0856 0.960737 0.8965]     \n",
       " [0.928358 1.02598 1.05117; 1.00529 0.983544 1.00013; 0.970677 1.01611 1.12478; 1.08558 0.960745 0.896503] \n",
       " [0.928311 1.02597 1.05116; 1.00524 0.983513 1.00013; 0.9707 1.01612 1.12479; 1.08557 0.960751 0.896506]   \n",
       " [0.928266 1.02597 1.05116; 1.00519 0.983485 1.00012; 0.970723 1.01613 1.12479; 1.08555 0.960757 0.896508] \n",
       " [0.928208 1.02596 1.05116; 1.00513 0.983447 1.0001; 0.970752 1.01614 1.12479; 1.08553 0.96076 0.89651]    \n",
       " [0.928155 1.02595 1.05116; 1.00508 0.983414 1.00009; 0.970779 1.01615 1.12479; 1.08551 0.960764 0.896512] \n",
       " [0.928106 1.02594 1.05116; 1.00503 0.983384 1.00009; 0.970804 1.01616 1.1248; 1.08549 0.960768 0.896514]  \n",
       " [0.928045 1.02593 1.05116; 1.00497 0.983345 1.00007; 0.970836 1.01617 1.1248; 1.08547 0.960768 0.896514]  \n",
       " [0.927989 1.02592 1.05116; 1.00492 0.983311 1.00006; 0.970866 1.01618 1.1248; 1.08545 0.960771 0.896516]  \n",
       " [0.927923 1.02591 1.05115; 1.00485 0.98327 1.00005; 0.970901 1.0162 1.12481; 1.08542 0.96077 0.896516]    "
      ]
     },
     "execution_count": 22,
     "metadata": {},
     "output_type": "execute_result"
    }
   ],
   "source": [
    "β̂path"
   ]
  },
  {
   "cell_type": "markdown",
   "metadata": {},
   "source": [
    "* grid of $\\lambda$ values used "
   ]
  },
  {
   "cell_type": "code",
   "execution_count": 29,
   "metadata": {},
   "outputs": [
    {
     "data": {
      "text/plain": [
       "0.0:0.43529145271109454:43.09385381839836"
      ]
     },
     "execution_count": 29,
     "metadata": {},
     "output_type": "execute_result"
    }
   ],
   "source": [
    "λpath "
   ]
  },
  {
   "cell_type": "markdown",
   "metadata": {},
   "source": [
    "* final objective values at each $\\lambda$"
   ]
  },
  {
   "cell_type": "code",
   "execution_count": 23,
   "metadata": {},
   "outputs": [
    {
     "data": {
      "text/plain": [
       "100-element Array{Float64,1}:\n",
       " 234.93675877814383\n",
       " 241.22327342392538\n",
       " 247.0123997831537 \n",
       " 250.94623269642724\n",
       " 253.8923047244701 \n",
       " 256.116533550157  \n",
       " 258.5818045856689 \n",
       " 260.8844474906105 \n",
       " 263.0348937755736 \n",
       " 265.06917418474524\n",
       " 266.9882765701074 \n",
       " 268.80018671505127\n",
       " 270.49209150625154\n",
       "   ⋮               \n",
       " 344.69169550995343\n",
       " 345.59424397199405\n",
       " 346.49438786047045\n",
       " 347.39258625922014\n",
       " 348.28877246999104\n",
       " 349.18294853384526\n",
       " 350.07477502532157\n",
       " 350.9647178716792 \n",
       " 351.8527168949805 \n",
       " 352.7384194618645 \n",
       " 353.6222954064805 \n",
       " 354.5039363502403 "
      ]
     },
     "execution_count": 23,
     "metadata": {},
     "output_type": "execute_result"
    }
   ],
   "source": [
    "objpath"
   ]
  },
  {
   "cell_type": "markdown",
   "metadata": {},
   "source": [
    "* number of iterations at each $\\lambda$"
   ]
  },
  {
   "cell_type": "code",
   "execution_count": 24,
   "metadata": {},
   "outputs": [
    {
     "data": {
      "text/plain": [
       "100-element Array{Int64,1}:\n",
       " 145\n",
       "  87\n",
       " 379\n",
       " 246\n",
       " 243\n",
       " 171\n",
       "  93\n",
       " 123\n",
       " 136\n",
       " 123\n",
       " 131\n",
       " 120\n",
       " 123\n",
       "   ⋮\n",
       "  23\n",
       "  23\n",
       "  24\n",
       "  24\n",
       "  24\n",
       "  24\n",
       "  25\n",
       "  25\n",
       "  25\n",
       "  26\n",
       "  26\n",
       "  27"
      ]
     },
     "execution_count": 24,
     "metadata": {},
     "output_type": "execute_result"
    }
   ],
   "source": [
